0001  40  50  30  60  45  40
0002  60  50  40  60  55  40
0004  60  50  40  45  40  20
0005  40  60  50  55  40  40
0006  40  40  40  45  55  20
0009 100 100 100 100 100 100
0010  80  40  40  45  50  40
0014 100 100 100 100 100 100
0016  40  30  50  55  50  20
0017  40  40  40  50  45  20
0020  40  60  40  45  50  60
0021  60  50  50  50  50  20
0022  40  40  40  45  45  20
0024  40  50  60  40  55  20
0026  60  50  40  45  40  20
0028  40  50  50  55  50  20
0030  80  50  40  45  60  20
0033  40  70  30  60  55  40
0035  80  40  40  50  40  20
0036  80  40  50  45  45  40
0038  40  40  40  40  45  20
0040  60  40  40  35  65  20
0042  60  40  60  45  50  80
0043  40  50  50  45  45  40
0044  40  70  40  50  35  40
0045  60  70  50  50  40  40
0047  40  30  40  45  35  20
0048  60  30  40  40  45  20
0050  80  30  50  40  45  40
0051  80  50  40  45  55  20
0052  60  50  50  45  45  20
0054  40  40  60  45  55  40
0055  60  40  40  45  45  40
0058  60  30  50  55  40  20
0059  60  40  40  40  45  20
0060  40  30  30  35  35  20
0061  40  30  30  55  50  20
0062  80  40  40  50  50  20
0064  40  50  50  40  55  40
0065  60  40  40  45  55  20
0068  40  30  40  40  45  20
0070  40  40  50  60  50  60
0071  40  30  40  45  50  60
0073  60  40  40  40  45  40
0074  40  50  40  40  45  40
0075  60  30  30  55  50  40
0077  40  40  50  45  40  20
0078  40  50  40  40  50  40
0080  40  30  30  35  35  20
0083  40  40  30  45  55  20
0085  40  50  50  40  45  40
0086  40  50  30  65  45  20
0087  40  50  30  60  55  40
0088  80  40  40  55  45  20
0089  40  50  30  55  45  20
0091  40  60  40  35  50  60
0092  60  50  30  35  45  40
0093  40  50  60  40  40  20
0094  40  80  40  40  40  40
0096  40  40  60  50  60  40
0098  40  50  40  50  60  20
0099  60  30  60  45  55  60
0100  60  30  40  50  55  40
0102  40  50  40  40  40  60
0103  60  30  70  60  40  40
0104  40  60  60  50  50  40
0105  40  40  60  60  40  20
0106  60  40  40  60  35  40
0109  40  40  40  50  45  20
0110  40  50  40  45  50  20
0111  40  50  40  40  55  40
0112  40  40  30  45  50  40
0113  60  50  40  50  55  40
0114  40  50  40  40  35  20
0117  60  40  70  45  45  60
0119  60  30  30  55  40  20
0121  40  40  40  65  50  20
0122  80  60  40  50  45  20
0123  80  30  40  45  55  60
0125  80  40  50  50  45  20
0126  60  40  50  35  45  40
0127  40  40  50  55  55  40
0129  40  30  50  40  45  40
0130  40  30  60  50  35  20
0131  40  40  50  45  55  40
0133  60  50  50  60  50  60
0134  40  40  60  50  60  20
0135  60  30  30  70  50  40
0137  40  40  50  45  65  40
0139  60  60  50  60  45  20
0140  40  40  40  40  45  20
0141  40  30  40  40  40  20
0143  60  40  50  55  35  60
0144  60  40  50  45  40  20
0145  60  30  30  40  45  20
0146  80  50  50  50  55  20
0147  60  40  50  50  45  40
0149  60  40  40  55  40  40
0150  40  30  30  45  50  20
0151  60  30  30  55  60  40
0152  60  40  40  55  50  20
0153  60  50  40  55  45  20
0154  40  30  50  50  45  40
0156  40  40  40  40  55  20
0157  40  60  40  60  50  40
0158  80  40  50  55  45  40
0159  40  50  30  35  40  40
0160  40  30  30  35  35  20
0161  60  50  40  55  45  20
0162  40  50  50  45  50  40
0163  40  40  30  40  50  40
0165  40  40  40  50  35  40
0167  40  50  30  35  45  40
0168  40  40  50  35  40  40
0169  40  50  40  40  45  20
0170  60  30  60  60  50  40
0172  60  30  60  65  50  20
0175  40  50  50  45  40  40
0176  60  40  30  40  50  20
0177  40  30  50  40  45  40
0178  40  40  40  50  50  20
0179  60  60  60  40  40  60
0181  60  50  40  45  60  60
0182  60  50  40  50  45  20
0183  60  30  40  40  45  20
0184  60  40  30  60  35  20
0185  60  50  50  70  40  40
0186  80  30  60  50  65  20
0188  60  60  40  45  45  40
0189  60  50  50  40  40  40
0190  60  40  50  40  40  40
0191  40  40  50  45  40  20
0192  60  50  40  45  45  60
0193  60  40  30  40  40  60
0195  40  50  50  55  40  40
0196  40  50  30  45  55  20
0197  40  30  90  45  50  60
0198  40  40  40  55  55  60
0199  40  50  60  40  50  80
0201  60  40  30  50  45  40
0203  40  40  60  50  40  20
0204  40  40  40  40  65  20
0205  60  40  30  50  55  20
0206  40  50  40  50  45  60
0207  40  50  40  50  50  40
0208  80  30  40  55  45  20
0209  40  40  30  55  45  20
0210  40  60  50  35  40  40
0212  40  30  40  40  50  40
0214  40  30  50  40  45  40
0215  60  40  40  40  60  40
0216  80  50  30  55  55  20
0219  40  60  40  40  55  40
0220  40  50  50  55  50  40
0221  60  50  50  55  45  40
0223  40  40  30  40  45  20
0224  40  40  50  55  40  40
0225  40  50  50  35  45  60
0226  60  40  40  50  40  20
0227  80  30  60  40  45  40
0228  60  60  40  75  50  40
0229  60  60  70  45  55  40
0230  40  50  40  40  45  20
0231  40  50  40  45  35  60
0232  60  40  70  40  40  40
0233  40  70  50  50  45  20
0235  60  30  30  40  45  40
0236  40  30  40  40  55  20
0237  60  50  40  45  45  40
0238  40  60  30  50  50  20
0239  60  40  40  45  40  40
0240  40  30  30  35  35  20
0241  40  70  40  45  50  20
0242  40  40  50  45  55  40
0243  40  30  30  50  40  40
0245  40  40  30  50  50  20
0246  60  40  40  45  60  60
0248  40  40  50  65  45  40
0249  60  50  30  55  60  40
0251  60  40  50  55  50  20
0253  40  40  50  55  55  40
0254  40  40  40  60  55  60
0255  40  40  30  45  40  20
0256  40  30  40  40  50  20
0257  60  50  30  55  45  20
0258  60  40  50  55  45  40
0259  40  40  50  55  45  40
0261  40  50  50  45  45  20
0262  40  60  50  45  45  20
0263  80  60  30  45  50  60
0264  40  40  40  35  50  40
0265  40  40  50  40  35  40
0266  40  50  30  50  40  20
0267  60  40  40  45  35  40
0268  60  40  40  40  45  20
0270  40  30  40  50  35  40
0272  60  60  60  60  55  20
0273  80  30  30  45  45  60
0274  40  60  30  50  45  20
0275  40  40  40  40  45  20
0276  40  30  40  40  50  20
0277  60  60  40  40  40  60
0278  40  60  40  55  35  40
0279  60  40  70  35  40  40
0281  40  60  40  45  55  20
0282  60  40  70  55  40  60
0283  40  30  40  40  45  20
0284  60  40  50  45  40  20
0285  60  40  30  50  45  20
0286  40  50  40  40  70  80
0287  60  40  40  55  45  20
0288  40  30  40  45  45  20
0289  40  50  40  50  45  60
0291  40  50  40  60  50  20
0294  40  50  30  55  45  20
0295  60  40  40  40  55  40
0297  80  60  40  55  45  40
0299  80  50  40  35  45  40
0300  40  30  30  35  35  20
0301  40  40  40  40  35  40
0303  60  40  50  40  45  40
0304  40  60  40  50  45  40
0306  60  40  30  45  45  40
0307  40  50  30  45  50  40
0308  60  40  60  40  60  80
0309  40  50  40  45  50  20
0310  40  40  40  55  35  60
0312  60  60  70  50  45  40
0316  40  40  40  45  55  40
0317  60  40  30  45  45  20
0318  80  40  60  50  45  40
0319  40  40  40  35  40  40
0321  40  40  30  45  60  40
0322  60  40  50  35  50  40
0323  60  50  50  35  45  40
0324  40  60  30  50  45  40
0326  60  40  60  55  50  20
0328  80  60  70  50  50  20
0333  80  50  40  45  50  60
0334  60  30  50  45  50  20
0336  80  40  30  40  45  60
0339  60  30  30  50  40  40
0341  40  30  70  50  60  20
0342 100  40  30  40  55  40
0343  60  40  40  55  40  40
0345  60  50  50  45  55  40
0346  40  40  40  65  50  20
0349  40  50  50  55  55  20
0350  60  50  30  50  60  20
0351  40  50  30  40  40  20
0354  80  60  30  50  50  40
0357  60  30  50  55  50  60
0358  40  40  30  55  40  40
0361  40  50  40  50  45  20
0362  40  50  50  65  45  20
0365  40  50  40  45  40  40
0366  40  30  40  45  55  20
0368  40  40  30  65  55  20
0370  40  40  50  60  40  60
0371  60  30  40  45  65  40
0375  60  40  50  60  40  20
0376  80  30  50  45  70  20
0377  40  40  30  40  45  40
0378  40  40  60  45  45  20
0379  40  40  40  55  50  20
0381  40  50  40  50  45  40
0383  40  30  40  50  40  40
0384  40  40  50  55  40  20
0386  40  50  40  35  60  60
0388  40  40  40  35  65  20
0389  60  40  60  50  55  60
0392  40  50  30  50  65  40
0393  40  70  40  50  50  20
0396  60  30  50  55  45  40
0398  80  40  50  40  50  60
0402  40  50  40  50  40  20
0406  40  30  40  50  40  80
0407  40  40  30  45  35  40
0409  40  40  40  35  50  40
0410  60  40  40  40  40  20
0411  40  40  50  35  55  40
0412  40  40  40  55  40  40
0413  60  30  40  50  60  20
0414  60  40  50  45  50  40
0415  40  60  40  60  50  20
0416  60  40  40  45  55  20
0419  60  40  50  45  50  20
0420  40  30  30  35  35  20
0421  40  50  50  45  50  40
0422  60  30  50  65  45  40
0423  40  40  50  40  55  60
0425  40  60  40  40  40  40
0426  40  50  40  50  45  20
0430  40  40  40  45  40  40
0431  40  40  40  50  45  40
0432  40  60  40  55  40  40
0435  40  60  40  50  55  40
0436  40  40  40  35  55  60
0437  60  50  40  45  45  40
0438  40  50  30  55  45  20
0439  80  60  40  45  45  40
0440  60  40  30  40  50  20
0441  40  40  30  40  35  60
0443  40  30  30  50  50  20
0446  40  50  40  50  65  20
0447  40  70  40  45  45  60
0448  40  40  70  50  50  40
0452  80  30  50  55  50  40
0453  40  50  50  45  40  20
0454  40  40  40  45  35  80
0455  60  40  40  50  55  60
0456  80  40  30  55  50  80
0457  40  40  40  45  45  60
0460 100  40  40  50  40  40
0461  60  30  30  50  45  40
0462  60  50  50  40  45  60
0463  60  40  30  65  40  40
0466  40  50  50  35  40  40
0468  60  50  50  45  55  20
0472  40  50  50  40  55  40
0473  40  40  60  50  45  40
0474  60  50  60  45  45  20
0476  40  70  40  50  45  20
0477  80  40  40  40  50  20
0478  80  30  60  60  60  60
0479  40  40  40  50  45  40
0480  40  30  30  35  35  20
0481  60  60  40  40  50  60
0484  40  40  40  45  55  40
0485  40  30  40  40  60  40
0488  60  40  40  55  45  40
0491  40  30  30  40  60  40
0492  40  40  50  45  40  20
0494  60  40  50  55  50  40
0495  40  50  40  50  45  60
0496  60  40  40  50  65  20
0498  80  30  50  60  60  60
0499  60  50  50  40  40  40
0500  60  50  40  45  45  20
0501  40  40  50  60  40  20
0502  40  50  50  35  50  20
0503  40  50  40  60  65  40
0504  60  30  40  60  55  60
0506  60  40  40  50  45  40
0507  40  40  30  40  35  20
0508  40  50  30  75  45  20
0509  60  40  40  50  75  20
0510  60  30  40  35  40  20
0511  60  50  50  45  50  20
0512  40  30  30  45  40  20
0513  40  40  50  60  35  40
0514  60  40  40  35  45  20
0518  60  50  40  50  60  40
0519  80  60  30  45  40  20
0520  40  50  50  45  55  60
0521  60  50  30  50  60  20
0522  40  60  50  45  40  20
0523  40  50  50  50  40  60
0524  40  80  30  50  55  40
0527  40  50  30  50  50  20
0528  80  50  40  50  60  20
0532  60  50  30  50  55  20
0534  40  50  30  40  40  40
0535  40  30  50  50  40  20
0536  40  60  40  50  40  20
0537  40  40  50  40  60  60
0539  60  40  50  40  35  20
0540  40  30  30  35  35  20
0544  40  30  50  50  55  20
0546  40  40  50  35  45  60
0548  60  50  40  40  35  20
0551  60  50  30  45  45  20
0552  60  40  50  45  40  20
0554  40  50  30  55  45  20
0555  60  40  50  60  60  40
0556  60  40  40  55  35  40
0557  40  30  40  55  65  40
0558  40  40  60  40  40  20
0559  60  50  40  45  70  40
0560  40  30  30  35  35  20
0563  60  30  50  40  70  20
0564  40  60  50  65  45  20
0566  80  40  60  35  45  40
0567  60  30  40  50  35  40
0568  40  30  40  50  45  60
0569  40  50  50  45  60  40
0570  60  50  50  35  50  20
0571  40  40  40  45  35  60
0572  60  40  30  40  55  20
0574  40  50  30  45  50  60
0576  40  30  50  50  35  60
0578  60  60  40  50  40  40
0579  40  40  30  55  60  20
0580 100  50  40  45  40  20
0586  60  60  60  45  45  40
0587  40  50  60  50  55  40
0588  60  50  40  50  50  60
0589  80  60  30  45  35  20
0590  40  60  50  55  50  20
0591  80  40  50  50  50  20
0592  60  40  50  45  40  60
0593  60  60  50  45  50  20
0594  60  40  50  55  45  60
0595  60  50  50  60  35  40
0599  60  50  50  40  35  40
0600  40  30  30  35  35  20
0601  40  30  40  50  45  60
0602  40  50  30  55  45  60
0605  60  40  50  50  40  40
0608  40  30  40  55  55  40
0613  60  60  30  50  45  60
0615  40  40  40  50  55  20
0616  60  50  50  45  35  60
0617  40  50  40  35  40  40
0618  60  40  60  50  50  40
0619  60  30  40  50  50  20
0620  60  60  40  50  45  40
0621  60  50  30  60  60  60
0625  40  50  30  45  50  40
0626  40  40  60  50  75  20
0628  40  30  60  40  40  20
0632  40  50  40  45  35  40
0634  60  50  60  40  40  20
0635  80  40  40  40  45  60
0638  60  30  30  50  45  60
0639  40  60  50  50  60  40
0640  40  30  30  35  35  20
0643  40  40  30  60  50  20
0644  60  60  40  50  50  40
0646  40  40  40  45  40  40
0648  60  40  40  60  35  20
0649  40  60  50  50  35  40
0650  40  30  50  35  45  40
0652  60  40  30  45  65  40
0653  60  40  40  60  50  60
0656  40  40  50  50  50  40
0658  40  50  60  60  45  40
0659  60  40  40  65  60  60
0660  40  30  30  35  35  20
0661  40  40  50  45  40  40
0663  40  40  50  45  45  40
0664  40  40  40  65  45  40
0666  40  40  30  50  55  40
0667  40  50  40  45  45  60
0668  60  30  60  40  55  40
0670  80  50  60  45  45  20
0671  40  50  80  40  55  40
0673  40  40  40  50  50  40
0675  40  40  50  55  45  40
0676  60  50  50  45  45  40
0678  40  30  30  45  60  20
0680  40  50  40  55  45  40
0682  40  50  30  50  50  40
0685  40  50  40  55  55  40
0686  40  40  30  40  50  40
0689  60  30  40  50  40  40
0692  60  50  40  45  40  60
0693  40  50  30  50  45  20
0694  60  50  30  45  45  40
0696  40  40  30  45  50  60
0700  40  50  40  55  50  20
0701  80  40  50  60  45  20
0702  40  40  30  50  40  40
0705  60  50  50  50  35  60
0706  80  50  50  45  35  20
0707  40  50  40  45  60  20
0710  40  40  50  45  45  20
0713  40  50  30  40  50  60
0714  40  60  50  50  50  20
0715  40  50  50  45  55  20
0717  40  40  30  60  45  40
0718  60  60  50  45  55  40
0722  40  50  40  45  50  60
0725  60  40  50  55  40  20
0726  40  50  40  40  50  20
0729  40  50  30  50  50  40
0730  60  40  50  45  40  60
0732  40  70  40  65  50  60
0735  60  40  50  50  45  60
0737  60  40  30  60  50  20
0738  60  40  30  55  55  20
0742  60  30  40  40  55  40
0746  40  50  30  40  50  60
0749  60  40  40  70  65  20
0750  60  50  30  55  45  40
0754  40  30  40  60  45  20
0756  60  40  40  40  45  40
0758  40  50  30  50  45  40
0760  40  30  50  60  50  60
0762  60  40  50  50  45 100
0763  60  40  40  45  50  60
0764  60  50  60  45  50  80
0767  40  50  40  55  40  40
0769  60  60  40  50  55  20
0770  40  50  50  45  45  40
0773  40  50  70  65  50  20
0774  60  50  30  45  50  40
0775  60  40  60  40  50  40
0776  40  40  50  45  50  40
0779  40  40  50  40  45  60
0780  40  30  30  35  35  20
0783  40  50  60  45  45  60
0784  40  40  40  45  50  60
0786  80  30  50  45  50  20
0789  60  30  30  45  50  40
0790  40  40  60  45  55  80
0792  40  30  40  45  45  60
0793  40  30  30  45  45  40
0794  40  40  50  40  50  60
0795  40  30  40  50  45  20
0796  60  40  30  50  55  40
0798  60  50  50  55  50  40
0799  40  50  40  40  55  40
0800  40  30  30  35  35  20
0803  80  60  50  40  45  20
0805  40  40  50  50  45  40
0806  40  40  50  35  45  20
0807  60  40  60  45  55  20
0808  60  30  80  50  50  40
0809  60  40  60  50  50  60
0810  40  40  30  45  60  40
0811  40  50  30  70  40  40
0813  60  50  40  45  65  20
0814  40  50  50  40  55  20
0815  40  60  50  60  45  40
0816  40  60  60  60  50  40
0817  60  30  40  40  55  20
0819  40  50  50  50  45  40
0820  40  50  50  50  45  40
0823  60  40  30  55  40  40
0824  40  40  50  40  45  40
0826  60  60  50  45  50  20
0827  40  50  50  55  50  20
0828  40  40  50  45  60  40
0829  40  50  30  50  50  60
0831  60  40  40  40  35  60
0832  40  30  50  55  45  40
0840  40  30  30  35  35  20
0841  80  50  40  40  55  20
0843  80  30  70  35  45  60
0845  40  50  40  55  45  20
0848  60  50  30  50  55  20
0850  40  50  40  50  35  20
0855  80  30  50  50  45  20
0856  40  30  40  45  40  60
0857  40  40  40  35  45  40
0858  60  40  50  40  50  40
0859  40  50  40  50  50  60
0861  60  40  50  40  50  40
0864  40  80  40  55  40  40
0865  40  30  50  40  55  40
0866  60  30  60  45  50  20
0868  80  40  80  50  60  20
0872  60  50  40  45  50  20
0873  60  40  40  40  55  40
0875  60  40  50  50  75  20
0877  40  60  60  50  50 100
0878  40  30  30  40  35  20
0880  40  30  30  35  35  20
0881  40  50  40  55  50  40
0882  60  50  40  60  50  20
0883  40  50  40  45  35  20
0885  40  30  60  40  40  20
0887  60  40  50  60  35  40
0888  80  50  40  50  40  60
0889  60  50  40  55  50  40
0890  40  30  80  50  50  40
0892  40  30  30  40  45  20
0894  80  40  50  50  55  40
0895  40  40  60  40  55  20
0896  40  40  40  70  40  60
0897  60  50  50  45  40  20
0901  60  30  60  50  50  40
0902  60  40  60  55  55  60
0903  60  40  40  45  40  20
0906  40  40  50  50  45  40
0907  40  50  30  40  45  40
0909  60  50  50  55  55  40
0911  60  40  30  50  45  40
0915  80  50  50  40  45  20
0916  60  40  30  40  40  20
0917  40  40  30  40  55  40
0919  40  40  40  50  50  60
0920  60  40  30  45  60  20
0923  40  40  40  55  55  20
0924  60  40  40  40  50  40
0925  40  50  60  40  55  40
0927  60  50  70  55  45  60
0930  60  50  50  50  45  20
0932  60  30  50  50  50  20
0933  60  50  50  50  50  20
0934  40  50  50  45  40  40
0937  40  50  50  50  45  20
0940  40  50  40  45  50  20
0941  60  50  50  60  55  60
0943  60  40  50  45  50  20
0944  60  40  50  35  55  60
0946  60  30  50  45  40  60
0948  40  40  40  55  45  40
0949  40  40  40  50  50  20
0950  40  40  30  40  55  20
0953  40  60  70  50  40  20
0957  40  30  60  40  55  40
0958  40  50  40  60  55  40
0960  40  30  30  35  35  20
0961  40  80  40  55  50  40
0962  40  60  30  45  40  60
0963  60  40  30  50  45  40
0964  60  60  40  45  60  60
0965  60  60  30  45  55  60
0966  40  30  40  55  40  20
0967  40  50  30  45  65  40
0968  80  40  40  55  35  20
0970  60  40  50  55  50  40
0971  60  50  60  45  70  40
0973  40  40  50  35  45  40
0979  40  70  50  40  45  40
0983  40  50  30  40  55  60
0985  60  40  40  50  60  60
0988  40  40  70  50  45  20
0989  40  40  40  40  40  60
0991  60  50  60  40  55  20
0995  60  50  50  45  45  40
0996  40  30  50  50  45  60
0997  40  30  60  40  40  40
1000  60  30  80  45  40  20
1001  40  30  60  65  40  20
1003  40  30  40  60  50  40
1004  40  40  50  50  40  40
1005  60  80  40  50  40  60
1007  60  40  50  45  45  20
1008  60  60  40  50  45  40
1011 100  50  50  60  45  20
1015  40  30  60  35  60  40
1016  60  60  50  50  55  20
1017  40  50  40  50  40  40
1018  40  50  40  40  50  40
1019  80  40  30  50  45  20
1020  40  30  30  35  35  20
1023  60  40  30  55  40  20
1025  60  30  50  50  45  60
1029  60  30  80  45  55  40
1030  80  30  30  35  40  60
1032  60  40  40  50  60  60
1038  60  40  30  45  45  40
1039  60  40  60  50  55  20
1040  40  30  30  35  35  20
1043  80  40  50  50  40  40
1044  60  50  40  55  40  20
1050  60  30  50  35  50  40
1051  60  70  40  45  50  20
1052  60  60  30  50  50  40
1053  40  60  30  65  50  20
1054  60  50  40  40  55  20
1055  60  40  40  50  50  60
1056  40  50  50  60  65  80
1059  60  40  50  55  50  20
1060  60  30  50  40  40  40
1061  40  50  50  55  45  60
1065  40  40  30  40  50  20
1067  40  50  40  35  40  80
1069  40  40  40  60  65  40
1070  40  30  40  45  55  20
1071  60  40  40  50  40  40
1072  40  30  50  45  45  20
1075  40  40  40  40  55  20
1076  40  40  30  50  40  40
1077  60  50  80  55  45  20
1078  60  40  50  50  45  20
1080  40  30  30  35  35  20
1081  80  40  30  45  40  20
1082  40  50  50  65  50  40
1084  40  60  30  40  55  40
1085  40  40  70  50  55  40
1086  80  60  40  55  40 100
1091  60  30  50  55  35  40
1093  40  30  40  45  50  20
1094  60  50  60  50  45  40
1095  40  50  50  50  55  60
1096  40  60  50  40  50  20
1098  60  40  40  55  45  20
1099  80  40  40  40  55  40
1102  80  30  30  50  55  40
1104  40  30  40  50  40  20
1105  40  40  60  55  35  60
1106  80  40  40  60  60  40
1107  80  30  60  40  55  20
1109  80  40  40  45  55  40
1110  60  40  40  45  45  20
1111  80  50  40  60  40  60
1113  60  30  60  40  50  80
1114  40  50  50  55  55  40
1117  60  30  40  55  50  20
1119  40  50  30  55  50  40
1123  40  50  40  45  40  20
1124  40  50  30  55  45  40
1127  40  30  50  50  50  20
1128  40  40  60  60  45  40
1129  40  30  50  45  60  20
1132  40  70  50  50  50  20
1134  40  60  50  40  40  20
1135  40  40  40  55  45  40
1136  40  50  50  60  45  20
1138  60  30  30  45  60  20
1139  40  40  60  50  55  40
1141  40  50  40  50  35  40
1144  60  30  40  55  55  40
1146  40  40  60  55  40  60
1147  80  30  30  45  45  40
1148  60  70  30  35  65  60
1150  60  50  30  50  35  40
1151  40  70  40  50  50  20
1152  80  60  40  40  45  40
1153  40  50  40  40  50  20
1154  60  30  60  55  35  40
1155  80  40  50  60  45  40
1156  40  30  50  50  50  40
1157  80  50  40  40  45  40
1160  40  30  30  50  45  40
1162  60  40  60  45  35  20
1166  60  30  30  45  40  20
1167  80  40  50  45  65  40
1168  40  40  50  50  60  80
1169  40  30  40  40  45  20
1172  40  40  30  45  45  40
1173  40  30  30  50  55  40
1174  80  50  50  50  45  80
1175  40  50  40  45  55  20
1179  40  50  60  60  55  40
1183  40  50  40  55  50  40
1185  60  40  40  45  55  40
1188  40  30  60  55  50  20
1193  40  40  40  40  45  20
1195  40  40  50  45  50  60
1196  60  40  60  55  50  40
1198  40  30  50  65  45  20
1200  40  30  30  35  35  20
1201  40  40  50  40  55  20
1205  80  60  50  60  50  40
1206  60  40  50  40  50  20
1207  40  30  40  50  45  40
1208  40  40  40  45  45  60
1210  40  40  30  40  60  40
1211  40  30  40  50  50  20
1212  40  50  40  55  50  20
1215  40  40  50  55  40  60
1216  40  60  60  45  50  40
1217  60  50  60  50  45  20
1221  40  40  60  55  70  40
1226  40  60  30  35  45  60
1228  40  40  50  55  40  40
1229  40  40  40  40  55  40
1230  60  50  30  60  50  40
1231  80  60  40  40  45  40
1232  40  40  40  55  45  20
1234  40  50  60  60  60  40
1236  40  30  60  45  55  20
1237  40  50  40  40  40  40
1238  40  50  40  50  40  60
1239  40  60  50  50  40  20
1240  60  40  50  50  40  20
1242  40  40  50  40  40  40
1244  60  30  40  50  55  20
1245  40  30  60  40  45  40
1246  40  50  30  50  45  20
1248  40  40  40  45  50  60
1249  60  40  40  55  50  80
1250  40  30  60  45  40  60
1251  60  60  50  55  55  40
1253  40  50  30  50  55  40
1254  40  30  50  50  45  20
1255  60  50  30  40  60  20
1256  80  40  30  45  55  40
1257  40  50  50  35  45  40
1258  60  30  50  50  45  40
1261  60  40  40  45  60  20
1263  80  60  50  50  40  20
1264  40  50  50  45  45  20
1265  40  40  50  45  55  20
1267  80  50  60  55  45  20
1271  60  40  50  65  45  40
1272  40  40  30  45  60  40
1274  40  50  40  60  45  40
1275  40  30  40  55  45  20
1277  40  30  40  60  65  60
1278  60  50  30  35  60  20
1281  60  30  60  45  55  80
1282  40  60  60  50  45  40
1284  60  50  50  55  50  60
1285  80  50  40  50  40  20
1287  60  60  50  55  45  60
1289  40  50  50  35  45  60
1290  40  50  50  50  45  20
1291  40  50  30  35  50  20
1293  60  40  40  55  40  60
1294  40  60  50  55  55  20
1297  80  60  40  40  70  40
1303  60  40  40  65  40  60
1305  60  40  40  50  50  20
1307  60  30  40  45  45  40
1309  40  50  60  35  45  20
1310  60  50  40  45  50  40
1312  40  40  50  60  45  40
1313  60  50  40  55  45  40
1314  60  40  40  40  45  40
1315  60  50  50  35  65  20
1316  40  40  40  40  40  20
1317  60  50  60  55  40  40
1318  60  40  50  50  50  40
1319  60  30  50  65  50  40
1324  60  50  50  55  60  40
1328  40  40  40  45  65  40
1329  60  60  50  50  50  40
1330  40  50  30  45  65  40
1331  40  30  50  55  45  20
1332  60  50  40  40  45  20
1333  40  50  50  40  55  20
1334  60  30  40  45  60  20
1335  60  40  40  40  45  40
1337  60  30  60  55  60  40
1338  40  30  50  45  45  60
1339  40  50  30  45  55  20
1342  60  60  50  45  50  40
1344  80  40  30  45  45  40
1345  60  40  40  65  40  20
1348  60  40  40  60  55  40
1350  60  50  50  35  50  20
1351  40  50  30  50  55  60
1353  60  30  30  50  45  40
1354  60  40  50  55  45  20
1355  40  40  30  55  45  20
1356  60  50  50  45  40  20
1358  60  40  40  40  45  40
1359  60  40  50  50  55  40
1360  40  30  30  35  35  20
1361  40  30  40  50  45  20
1362  40  30  40  55  35  20
1365  60  40  30  60  45  40
1366  40  40  60  55  45  60
1372  60  40  40  40  60  20
1373  40  50  30  55  45  20
1376  80  50  50  40  50  40
1377  40  30  60  45  60  20
1379  40  30  40  45  40  20
1382  40  50  50  50  60  20
1383  60  40  40  60  60  20
1384  40  60  40  40  40  60
1385  40  60  40  50  40  20
1387  60  30  30  50  55  20
1388  40  30  70  60  45  40
1389  40  40  40  40  50  20
1390  40  30  40  50  45  40
1391  40  40  30  45  60  40
1393  40  30  40  45  55  20
1395  40  50  50  40  45  20
1396  40  40  40  50  45  80
1397  40  40  30  45  45  20
1399  40  50  40  45  50  80
1400  40  50  40  40  55  20
1401  60  50  50  50  55  20
1402  40  60  40  55  45  40
1405  60  60  70  55  45  40
1408  40  60  50  50  50  20
1409  60  40  60  60  55  20
1412  40  50  40  40  40  60
1414  60  30  50  50  65  20
1415  40  50  40  45  40  20
1417  80  50  40  50  55  20
1419 100  50  40  45  40  40
1420  60  50  50  50  55  20
1421  60  40  40  50  45  40
1422  60  50  40  60  55  40
1424  40  40  50  40  50  40
1426  40  50  40  45  50  60
1429  40  30  30  50  50  20
1432  60  50  40  45  55  20
1433  40  40  60  45  50  20
1434  40  40  40  35  45  40
1435  40  70  40  50  40  40
1436  40  70  60  45  45  20
1437  80  30  50  40  45  20
1438  60  40  30  35  55  40
1440  40  30  30  35  35  20
1441  60  50  60  35  45  40
1443  40  40  40  45  45  20
1446  60  50  30  40  50  20
1448  40  50  40  55  55  40
1449  40  40  50  50  55  80
1450  60  30  40  55  50  40
1451  80  50  40  55  45  40
1452  40  30  40  50  35  20
1453  40  40  60  50  40  60
1454  60  60  40  45  40  20
1455  80  30  70  35  60  20
1457  60  40  30  55  45  40
1460  60  40  50  45  60  40
1463  40  50  30  45  45  40
1464  40  40  40  45  50  40
1468  60  30  60  45  45  40
1469  60  40  40  40  40  40
1470  40  40  70  45  50  20
1472  40  50  40  40  40  20
1474  40  40  40  45  40  20
1476  60  30  40  50  45  20
1478  40  50  60  55  45  40
1479  60  40  50  45  65  20
1480  60  60  40  35  45  20
1481  60  50  30  50  50  20
1484  60  40  70  60  50  40
1486  40  40  50  50  55  60
1487  60  40  50  55  45  20
1489  40  50  40  50  50  20
1491  60  40  60  45  55  20
1494  40  50  60  45  35  40
1496  40  50  40  50  60  40
1497  60  70  50  45  50  20
1498  40  30  30  65  45  40
1499  60  70  40  60  55  40
1500  40  30  30  35  35  20
1501  80  70  40  50  45  40
1503  60  50  40  40  40  20
1505  60  40  60  45  60  20
1506  80  60  40  60  55  20
1507  60  60  30  40  45  40
1508  60  50  80  35  40  20
1509  60  60  40  55  60  40
1510  60  40  50  40  40  40
1511  40  30  60  45  45  20
1513  40  40  30  50  60  20
1514  40  40  60  45  50  40
1515  80  40  40  40  45  80
1516  60  40  50  45  60  60
1517  40  60  50  50  65  40
1518  40  30  30  40  55  40
1519  60  50  40  50  45  40
1521  40  40  50  45  45  40
1524  40  40  60  40  40  40
1525  40  50  30  35  50  20
1526  60  30  40  45  45  40
1527  60  50  30  50  45  20
1529  60  30  60  40  45  40
1532  60  30  50  35  40  40
1533  60  40  50  50  50  40
1537  60  30  50  45  45  20
1538  40  60  40  50  45  60
1542  40  40  40  45  40  20
1543  40  50  40  45  60  40
1546  60  60  30  45  45  40
1552  40  70  40  65  45  20
1553  40  50  50  55  45  40
1554  40  40  50  40  45  40
1555  40  50  60  50  50  20
1557  40  40  40  55  60  80
1558  60  50  40  45  50  20
1562  40  70  50  40  35  20
1563  40  30  30  35  45  40
1564  60  50  30  45  40  40
1566  60  40  30  55  55  60
1567  80  40  30  55  45  20
1568  40  60  30  50  50  60
1569  60  40  50  55  45 100
1571  40  30  40  50  50  40
1573  40  40  30  45  40  40
1574  40  40  30  65  45  40
1575  40  30  60  50  50  40
1576  60  50  50  50  55  40
1578  60  60  40  60  45  60
1581  60  30  50  45  55  20
1582  40  40  30  50  60  20
1583  60  40  40  50  40  20
1585  80  50  30  50  35  20
1586  60  50  50  50  40  60
1587  40  40  50  45  40  20
1589  40  40  30  40  60  40
1590  40  40  40  45  45  20
1591  60  50  40  40  55  40
1592  60  50  50  50  40  60
1594  60  50  50  40  40  40
1595  60  40  40  50  50  60
1596 100  50  40  50  35  40
1598  60  30  60  40  45  40
1599  60  40  30  55  45  40
1601  40  60  30  60  60  40
1604  80  60  30  55  55  40
1605  60  60  40  50  60  60
1606  40  50  30  40  35  40
1607  40  40  50  40  50  20
1608  80  30  40  40  50  40
1610  40  30  60  40  50  40
1613  40  40  30  60  50  40
1614  40  40  40  50  50  20
1616  80  40  30  50  50  60
1619  60  40  60  45  55  20
1620  40  30  30  35  35  20
1625  60  50  60  40  45  40
1627  60  40  50  50  50  40
1628  60  30  50  55  45  40
1629  60  50  40  45  50  40
1630  80  30  30  40  50  40
1631  40  90  30  45  60  40
1632  60  30  40  60  55  20
1633  60  40  70  50  45  60
1635  60  30  30  40  55  20
1638  40  50  40  40  45  20
1639  40  40  50  45  55  20
1640  60  50  30  40  35  20
1641  40  40  40  45  40  40
1642  60  70  40  45  45  80
1646  40  40  40  40  45  40
1647  60  70  40  45  55  20
1648  40  50  30  45  35  20
1649  80  50  40  50  50  40
1651  60  30  50  45  45  60
1652  80  40  50  45  55  40
1653  60  30  40  45  45  40
1656  80  40  90  45  45  20
1662  60  40  40  45  60  20
1665  40  40  40  45  50  40
1669  60  30  40  55  45  60
1670  60  60  40  50  40  20
1673  40  40  40  45  55  40
1674  40  50  60  50  35  60
1676  80  40  40  40  45  20
1678  40  40  50  55  45  60
1680  40  30  30  35  35  20
1681  80  40  40  55  50  20
1684  40  50  40  40  40  20
1685  40  40  40  55  60  20
1687  40  50  30  40  55  20
1688  40  40  40  45  50  60
1690  60  40  40  60  50  40
1692  60  60  50  55  45  40
1695  40  40  60  55  45  20
1696  60  50  50  45  50  20
1697  40  40  60  45  55  20
1698  60  40  40  45  50  40
1702  40  30  40  45  50  40
1703  60  60  30  55  35  60
1706  40  40  50  55  60  20
1707  40  60  30  40  50  40
1708  60  30  50  40  50  40
1709  60  30  30  55  40  40
1710  40  50  30  55  45  40
1712  40  90  30  45  50  40
1714  40  40  30  40  45  40
1716  80  30  60  50  50  20
1719  80  40  30  35  40  20
1720  40  30  40  55  50  40
1721  60  60  30  45  60  40
1722 100  60  60  70  40  40
1724  40  50  50  60  40  20
1726  40  40  40  35  40  40
1731  40  40  70  50  45  20
1732  40  40  50  55  40  40
1733  40  40  40  40  50  80
1734  40  50  50  55  50  40
1735  40  30  50  45  50  40
1736  40  30  30  60  45  20
1737  80  60  40  35  35  40
1738  40  40  50  50  50  40
1739  40  40  30  45  45  60
1740  40  30  30  35  35  20
1741  40  40  40  55  45  20
1742  40  50  40  55  45  20
1743  40  40  30  55  35  20
1745  80  40  40  50  35  20
1746  60  40  50  55  35  20
1752  60  30  60  55  45  20
1753  40  40  60  45  35  40
1756  40  40  30  50  50  60
1757  60  50  30  40  45  40
1758  40  40  30  65  35  40
1759  60  40  60  45  40  60
1760  40  30  30  35  35  20
1762  40  50  30  45  45  60
1764  40  40  30  45  50  40
1765  40  40  90  55  45  40
1766  80  50  50  50  45  20
1767  60  30  50  50  45  20
1768  40  40  30  55  40  40
1772  60  40  40  40  35  60
1774  40  50  50  45  45  40
1775  40  60  40  50  50  40
1776  40  30  40  45  50  40
1781  40  40  50  50  50  20
1785  60  50  30  55  55  40
1789  60  70  50  65  35  40
1790  60  30  50  55  50  20
1793  60  30  30  50  45  60
1795  60  40  40  45  55  40
1796  60  30  50  50  50  40
1797  40  30  40  45  55  40
1798  60  30  40  35  50  80
1802  40  30  40  55  45  20
1803  40  40  50  40  45  40
1804  60  60  40  45  50  40
1806  40  30  40  45  45  60
1808  40  60  50  40  50  20
1810  40  40  40  70  55  80
1811  60  30  40  45  65  80
1812  60  30  30  45  50  20
1814  40  60  40  50  50  40
1816  40  50  50  40  60  20
1817  40  50  40  45  40  20
1819  40  60  40  45  35  20
1821  60  60  40  45  40  20
1822  40  40  50  50  45  40
1823  40  40  30  45  45  20
1826  40  50  50  40  55  20
1829  60  60  50  60  50  20
1831  60  40  30  55  45  20
1834  40  60  40  45  55  20
1836  60  40  50  45  35  20
1837  40  40  30  50  45  40
1840  40  30  30  35  35  20
1841  60  40  40  40  55  40
1842  80  40  60  45  50  20
1844  60  40  40  35  45  20
1846  40  40  40  40  55  80
1847  60  60  50  45  40  20
1848  40  60  40  45  40  40
1850  60  40  40  55  50  20
1852  40  40  50  50  55  20
1854  40  40  30  55  50  80
1857  40  30  50  45  60  40
1858  40  50  30  45  60  20
1860  40  30  30  35  35  20
1861  60  50  30  45  45  20
1863  40  60  40  55  50  60
1864  40  40  30  55  50  20
1867  40  60  30  40  55  80
1869  40  30  50  45  55  40
1870  40  40  40  50  55  20
1873  60  30  50  55  45  40
1874  40  50  40  55  45  40
1875  40  40  50  50  40  40
1876  60  40  30  60  65  60
1881  80  30  60  50  45  20
1882  60  50  40  40  40  40
1886  40  50  40  45  45  40
1887  40  50  50  40  55  40
1888  40  50  40  40  40  40
1890  40  60  40  55  60  60
1896  60  40  50  55  45  40
1897  40  40  30  40  40  60
1898  60  50  30  40  50  40
1899  80  50  30  40  55  20
1902  60  40  50  50  45  20
1903  40  40  40  50  55  40
1905  60  50  50  45  35  20
1906  40  50  30  45  45  20
1912  60  60  60  50  50  20
1916  60  60  50  40  45  40
1917  40  40  60  40  40  40
1918  40  50  30  50  45  20
1920  40  30  30  35  35  20
1922  60  50  50  45  50  60
1924  40  30  40  50  45  20
1925  80  40  30  45  40  40
1926  60  60  50  50  40  20
1927  40  40  40  45  60  20
1929  60  30  40  45  55  20
1930  80  30  40  40  55  20
1933  60  30  40  60  40  40
1935  40  40  50  50  35  60
1938  60  50  50  45  55  40
1939  60  60  50  70  50  20
1941  40  40  50  35  45  80
1942  80  50  30  45  55  40
1944  60  40  50  65  50  40
1947  60  40  40  50  50  40
1951  60  40  60  50  50  20
1953  60  40  40  35  50  20
1955  60  50  30  45  45  40
1957  60  40  40  50  45  40
1958  60  30  30  60  45  20
1959 100  30  30  50  55  20
1962  60  40  60  45  40  60
1964  40  40  40  55  55  40
1966  40  40  50  55  60  40
1970  60  50  50  65  60  40
1971  40  50  30  55  45  40
1978  60  60  30  45  65  40
1979  40  30  40  40  35  40
1980  40  30  30  35  35  20
1982  60  50  40  35  65  40
1983  40  60  60  60  40  20
1984  40  40  60  50  60  60
1985  60  60  50  50  45  40
1986  40  50  50  40  50  40
1988  60  30  30  40  55  20
1989  40  40  50  50  45  40
1990  40  40  30  45  60  20
1993  60  30  50  50  50  20
1997  40  40  50  40  45  40
2001  40  80  30  55  55  40
2002  60  40  50  40  40  60
2005  40  30  60  50  55  20
2006  60  70  40  50  45  40
2008  40  40  60  50  50  20
2009  60  40  40  55  45  60
2011  40  40  60  40  55  20
2012  40  40  60  40  35  40
2013  40  60  40  40  45  20
2014  40  60  30  45  40  40
2017  80  40  40  55  45  20
2018  40  40  30  35  50  80
2019  40  70  40  45  50  40
2020  60  50  40  50  60  60
2022  60  40  30  40  50  40
2023  40  40  30  45  60  40
2025  60  40  40  45  45  40
2026  60  50  30  40  45  20
2029  80  40  40  60  45  40
2034  40  60  30  45  45  40
2035  80  50  50  55  50  20
2036  40  40  40  65  40  20
2039  40  50  60  45  55  40
2041  60  30  40  40  55  40
2044  60  40  50  50  55  40
2045  60  60  50  35  35  40
2046  40  60  40  60  45  20
2047  40  40  40  40  55  40
2048  80  50  70  40  55  60
2049  60  30  50  55  50  40
2050  60  40  60  45  50  20
2051  40  40  50  35  35  40
2052  40  50  60  45  55  20
2054  40  50  40  40  55  40
2055  60  60  70  50  45  40
2057  40  50  50  50  35  40
2058  60  30  50  45  60  40
2059  60  40  50  40  45  40
2060  40  40  30  50  40  20
2061  40  30  40  45  55  20
2063  80  40  40  50  50  20
2066  40  70  40  60  60  40
2069  40  60  30  55  40  20
2071  80  30  30  50  45  40
2072  40  40  30  40  50  60
2073  80  40  40  35  40  40
2074  40  70  40  55  60  20
2078  40  40  60  50  45  40
2079  60  30  30  50  55  20
2081  40  60  60  40  45  20
2083  60  40  30  45  45  40
2084  40  30  60  45  60  40
2085  60  50  70  45  55  40
2086  80  40  40  50  50  40
2087  40  40  40  45  50  20
2091  40  60  50  55  50  20
2092  40  50  30  45  40  20
2095  60  50  30  70  50  20
2096  40  60  40  40  40  40
2097  60  40  40  65  55  60
2098  40  60  40  35  40  40
2102  80  40  40  45  40  20
2103  40  50  40  40  60  40
2105  40  60  50  55  45  80
2106  60  40  40  50  40  40
2108  40  30  40  40  45  20
2109  60  30  60  40  50  40
2110  40  40  40  50  50  20
2111  60  40  40  40  35  20
2114  80  50  30  50  65  40
2115  40  40  60  40  35  20
2117  40  80  40  45  45  40
2118  60  40  40  35  40  40
2119  60  30  30  35  50  40
2120  40  40  40  50  45  60
2123  60  50  50  50  40  20
2124  80  40  30  45  45  40
2126  40  40  50  60  40  40
2127  40  40  40  50  45  40
2130  60  30  50  50  40  60
2132  40  30  40  50  40  40
2133  40  40  40  45  60  40
2136  40  30  40  55  45  80
2140  60  40  30  40  50  80
2141  80  40  50  45  40  40
2142  40  40  70  65  50  40
2144  60  30  40  55  40  40
2146  60  50  50  40  40  20
2148  40  60  40  50  45  40
2150  40  50  60  55  45  20
2152  40  30  30  45  45  20
2153  40  50  40  50  50  20
2156  40  50  50  45  45  40
2158  60  40  40  55  55  20
2160  40  30  30  35  35  20
2161  40  40  70  45  60  60
2162  60  40  50  50  50  40
2165  40  30  50  50  45  60
2167  80  40  40  40  55  20
2168  60  50  40  40  50  40
2170  60  30  60  45  60  20
2173  60  50  30  45  45  20
2176  40  50  40  50  35  40
2178  60  30  30  55  45  80
2181  60  40  40  45  40  20
2182  60  40  40  50  55  40
2183  80  50  40  35  40  20
2185  80  40  40  35  55  40
2186  40  50  60  40  50  40
2187  60  40  30  40  50  20
2188  40  60  60  45  40  80
2190  60  40  30  50  45  40
2193  40  60  30  55  50  60
2195  60  50  30  45  35  20
2197  80  40  70  45  45  40
2198  60  40  30  45  45  20
2201  40  70  50  60  45  20
2203  80  30  40  35  40  20
2204  60  60  40  55  50  40
2206  40  30  40  45  60  20
2208  40  50  30  45  45  60
2210  60  50  50  60  50  40
2212  40  50  40  45  35  20
2213  80  50  40  40  60  20
2215  40  30  60  40  55  80
2216  60  40  50  50  40  40
2217  60  50  60  45  50  20
2218  40  30  50  40  55  20
2220  40  30  30  35  35  20
2221  40  30  30  45  50  20
2224  40  60  70  55  60  20
2225  40  40  50  45  55  40
2226  40  50  40  35  40  40
2227  40  50  50  40  50  40
2228  40  40  60  50  50  80
2229  40  50  40  45  55  20
2233  40  30  60  55  55  40
2237  60  40  60  50  45  40
2238  60  40  50  35  55  40
2243  80  40  40  55  45  40
2245  60  30  40  35  45  20
2246  40  50  60  60  45  40
2249  40  50  40  60  50  20
2251  40  30  40  45  55  60
2252  60  50  70  50  45  60
2253  40  30  50  55  50  60
2256  60  30  30  45  45  20
2258  40  30  50  50  40  40
2259  60  30  40  50  50  20
2260  40  50  40  50  40  40
2261  40  30  40  45  40  20
2262  40  60  50  35  35  20
2263  60  50  40  45  45  20
2266  40  70  50  50  40  20
2269  40  30  60  60  45  20
2271  40  50  30  45  40  20
2274  60  40  30  55  55  20
2275  40  40  40  35  50  40
2276  40  40  50  45  60  40
2277  40  30  50  45  35  60
2278  40  60  50  50  60  40
2279  40  30  30  40  55  20
2280  40  30  30  35  35  20
2283  40  40  40  45  45  40
2285  40  50  40  45  50  40
2287  40  70  30  45  45  20
2289  40  40  50  50  35  40
2290  40  50  30  45  40  60
2294  80  30  40  50  50  60
2295  40  40  30  45  55  40
2296  60  50  60  45  50  20
2297  40  60  40  40  45  20
2300  60  50  40  55  55  20
2301  40  70  40  40  50  60
2302  60  50  60  50  45  40
2304  80  40  40  60  45  20
2305  40  40  40  60  40  40
2306  60  50  40  55  45  40
2307  60  40  40  50  40  20
2308  60  50  50  35  55  40
2310  40  30  30  50  55  20
2312  40  30  60  65  40  40
2313  60  50  50  65  60  40
2316  40  30  30  55  60  20
2317  80  60  80  55  40  40
2318  60  50  60  35  35  40
2320  40  30  30  35  35  20
2321  80  50  50  45  35  40
2322  60  40  40  40  50  40
2323  60  30  30  50  45  20
2324  80  40  30  60  50  20
2327  80  50  30  50  50  20
2328  80  30  50  50  45  40
2330  40  50  50  45  45  20
2333  60  40  30  50  45  40
2335  60  50  60  50  50  40
2337  40  40  50  45  50  20
2341  40  50  40  50  45  40
2342  40  40  30  50  55  20
2343  60  30  30  50  45  40
2344  60  50  40  40  40  20
2346  60  50  50  55  40  40
2348  60  30  50  55  45  20
2351  60  50  30  40  35  60
2356  40  30  50  60  45  40
2357  40  40  40  60  55  20
2358  60  40  50  40  50  20
2362  40  50  50  45  50  40
2363  40  50  60  45  40  40
2365  40  60  50  60  40  40
2366  40  40  40  55  50  60
2368  80  50  30  50  55  60
2369  60  30  50  40  60  20
2370  80  40  40  45  50  20
2372  60  40  40  45  50  40
2373  60  40  60  50  65  20
2374  60  50  60  45  50  20
2377  60  50  50  50  40  20
2378  60  50  40  50  40  20
2379  40  60  30  40  40  40
2380  40  40  40  65  60  40
2382  40  40  30  45  50  40
2384  60  60  40  40  50  40
2385  60  40  50  50  40  20
2386  40  40  30  40  50  40
2387  80  40  60  55  40  60
2388  60  60  50  45  40  60
2390  40  30  40  45  45  20
2391  40  80  40  40  55  40
2392  40  60  50  40  40  40
2393  40  60  30  40  55  20
2394  60  30  30  50  35  40
2395  40  40  40  50  50  20
2396  60  50  30  55  35  20
2399  60  30  40  40  45  40
2400  40  30  30  35  35  20
2401  80  50  40  35  45  60
2403  40  30  40  35  50  20
2404  40  60  30  55  55  20
2405  60  50  40  55  45  20
2406  40  30  40  55  45  40
2408  60  40  40  50  35  20
2413  40  60  50  35  55  20
2417  40  50  30  55  50  60
2418  40  40  40  55  50  20
2419  60  50  30  45  45  20
2420  60  40  40  40  40  40
2422  40  50  40  40  35  20
2423  80  50  50  40  45  40
2426  40  40  40  65  40  20
2427  80  40  50  45  65  40
2430  60  60  40  45  40  40
2431  40  40  40  40  45  40
2432  40  50  50  40  55  60
2434  60  50  50  50  55  60
2435  60  30  50  55  65  60
2436  40  50  50  50  40  20
2438  60  60  40  50  55  60
2441  60  60  70  65  40  60
2442  40  40  50  50  45  60
2443  60  40  50  50  45  40
2444  80  40  30  40  50  40
2446  80  40  60  45  35  40
2447  40  50  70  50  45  20
2449  60  30  30  35  50  40
2451  60  40  50  45  50  20
2452  40  40  60  55  50  20
2455  60  40  40  50  50  20
2457  80  50  30  50  50  20
2458  40  30  60  45  45  40
2459  40  30  40  70  50  40
2461  40  40  40  35  50  20
2468  60  50  30  45  50  40
2469  40  30  50  40  40  40
2471  60  30  40  50  35  60
2473  60  30  50  35  55  40
2474  40  50  50  50  45  40
2478  40  50  30  50  50  20
2480  40  30  30  35  35  20
2483  60  40  40  45  50  20
2484  40  50  40  45  45  40
2489  60  30  40  40  45  60
2490  80  40  50  45  40  60
2491  40  30  50  45  50  20
2492  40  50  30  45  50  40
2493  80  60  50  40  55  20
2495  40  60  40  45  60  20
2497  40  60  40  50  45  40
2499  60  60  40  40  55  40
2500  40  60  50  40  50  20
2506  60  30  40  45  50  20
2508  40  40  30  60  45  40
2509  60  60  30  60  55  40
2510  40  30  50  40  40  40
2511  40  50  50  40  45  20
2512  80  40  50  55  60  40
2513  60  40  40  40  50  40
2515  40  50  40  45  40  20
2517  60  40  30  55  55  40
2519  40  30  50  55  40  20
2521  60  30  40  55  50  40
2523  40  40  40  40  60  20
2524  60  40  50  40  45  20
2525  40  50  30  50  55  40
2526  40  50  50  45  45  20
2529  60  40  40  40  40  40
2535  60  40  50  45  45  20
2537  60  60  30  45  45  40
2538  60  50  30  60  45  40
2542  60  60  30  50  55  60
2544  60  30  50  50  50  40
2547  60  40  40  60  40  20
2548  40  40  60  45  45  40
2551  60  50  30  50  45  20
2553  60  40  40  45  35  40
2554  40  30  30  35  55  20
2557  40  40  40  45  40  80
2558  40  40  50  55  40  60
2559  60  50  40  55  40  40
2561  40  50  30  45  35  20
2563  60  50  40  50  50  60
2566  60  50  40  40  50  20
2567  60  40  40  45  40  40
2568  60  50  40  60  45  40
2570  40  50  30  50  55  20
2571  60  30  40  40  50  40
2573  40  50  50  40  55  60
2576  60  30  60  50  45  40
2578  40  70  40  45  55  40
2579  40  30  60  45  50  40
2582  40  50  60  60  55  20
2583  40  40  50  70  50  20
2584  80  30  30  50  50  20
2585  40  30  40  45  50  40
2587  60  30  80  45  50  40
2588  40  50  50  45  50  40
2590  60  40  40  45  50  20
2592  60  30  50  60  50  40
2593  60  40  50  60  35  40
2595  60  40  50  50  55  20
2597  60  40  60  35  50  20
2598  40  30  40  35  45  20
2601  60  30  30  45  40  40
2602  40  60  50  50  50  40
2605  80  40  70  60  50  40
2608  40  60  50  50  45  20
2609  40  30  40  45  50  40
2610  40  50  50  50  35  40
2612  40  40  40  45  50  60
2613  60  50  40  55  45  40
2615  60  40  50  60  50  60
2616  40  50  30  45  50  40
2617  60  50  40  45  45  40
2619  60  50  50  55  50  20
2624  40  30  30  40  45  60
2625  40  50  40  40  60  60
2626  60  40  40  35  50  20
2629  40  50  60  45  50  60
2630  40  40  30  50  50  20
2631  80  30  50  50  45  60
2635  40  30  50  45  50  60
2636  40  40  30  60  45  40
2637  60  50  40  50  40  40
2638  40  40  70  40  35  40
2639  40  50  40  45  45  40
2641  60  60  30  55  55  40
2642  80  50  50  40  50  20
2643  60  40  40  50  50  60
2647  60  50  40  35  45  40
2649  80  40  40  45  45  20
2650  60  30  30  50  50  40
2651  40  40  50  45  45  20
2655  40  50  50  40  45  40
2657  40  30  30  35  40  40
2658  80  60  40  35  40  40
2659  60  50  40  55  50  20
2662  60  60  50  65  65  20
2663  80  40  30  40  50  20
2666  60  30  50  50  50  40
2668  40  50  50  45  45  40
2669  40  50  50  50  40  20
2671  40  40  50  55  50  40
2672  40  30  60  40  45  40
2673  60  50  50  55  70  20
2674  40  60  60  55  45  40
2675  40  40  40  55  50  60
2677  80  40  30  45  40  40
2679  60  70  40  40  40  20
2685  60  30  30  45  50  40
2686  60  40  40  50  40  20
2687  40  60  30  45  40  40
2689  60  30  60  45  50  40
2690  80  40  50  60  40  40
2692  80  40  50  40  35  40
2694  60  30  60  50  40  40
2696  40  60  50  55  50  20
2697  40  50  40  40  40  20
2700  40  30  30  35  35  20
2702  80  50  60  50  50  40
2703  60  40  30  50  50  20
2704  40  50  30  55  45  40
2705  80  60  40  40  45  40
2706  40  30  50  45  50  20
2707  40  40  60  60  45  40
2708  80  40  60  55  40  40
2710  40  40  30  60  50  40
2711  60  40  40  40  35  60
2712  60  50  40  50  55  40
2714  40  40  30  40  60  20
2715  40  40  50  40  50  60
2718  40  50  30  50  45  40
2720  40  30  30  35  35  20
2721  60  30  50  45  45  60
2724  60  40  40  55  40  40
2732  40  30  30  40  35  40
2733  40  40  40  65  35  20
2734 100  50  40  40  40  40
2736  40  30  40  55  45  20
2737  40  30  50  35  60  20
2738  60  40  60  45  35  20
2739  40  40  50  40  40  40
2740  40  40  30  50  60  20
2743  60  30  60  45  50  20
2746  60  30  40  40  45  20
2747  40  50  50  55  40  20
2748  80  40  30  45  45  80
2751  40  40  60  55  40  60
2754  40  50  60  50  60  40
2755  80  60  40  45  55  20
2758  40  40  50  45  50  20
2759  40  50  30  50  50  60
2761  40  70  50  45  50  20
2762  40  30  50  40  55  20
2764  40  50  50  50  55  20
2767  40  50  30  40  55  40
2769  40  40  40  60  45  20
2771  40  40  30  55  55  20
2772  80  40  50  40  50  20
2773  40  50  40  60  50  40
2774  60  50  30  50  55  40
2775  60  40  50  50  50  20
2776  40  40  70  50  50  40
2777  40  30  50  50  55  20
2779  60  40  40  55  35  40
2783  60  40  30  40  40  80
2785  40  40  30  50  35  60
2790  80  60  50  60  60  20
2794  40  60  40  55  50  40
2796  60  30  30  55  50  60
2797  80  40  40  45  40  20
2799  60  40  50  70  45  20
2800  40  30  30  35  35  20
2802  40  40  50  50  50  40
2804  40  50  30  45  65  60
2805  60  30  30  45  50  60
2806  80  40  50  45  55  20
2807  40  30  50  50  35  40
2811  60  50  40  50  35  60
2813  40  50  50  55  50  20
2816  40  30  60  55  45  40
2819  60  40  60  50  55  20
2821  60  50  70  55  60  40
2824  60  30  50  60  45  20
2825  80  50  80  60  45  40
2828  40  40  60  55  50  40
2831  40  50  50  45  45  60
2832  40  40  40  60  50  40
2837  40  40  50  35  45  20
2838  40  60  60  50  55  40
2840  40  80  30  50  60  40
2842  60  40  30  40  40  40
2843  40  50  40  50  45  40
2844  60  30  60  45  50  60
2846  40  40  40  45  45  60
2847  60  40  30  45  55  40
2856  60  50  40  40  50  60
2857  60  40  50  50  45  40
2861  40  30  40  45  45  20
2862  60  40  30  40  40  40
2863  60  30  50  55  40  20
2864  40  50  50  45  40  20
2865  40  30  50  50  45  20
2867  40  60  80  45  40  60
2870  40  50  60  45  50  20
2871  40  50  40  45  45  60
2872  40  60  30  40  40  60
2873  60  50  40  55  45  20
2875  40  50  50  60  40  40
2877  40  40  50  45  50  40
2878  60  50  60  50  50  20
2881  60  60  40  40  60  60
2884  80  60  30  50  60  60
2885  80  40  50  50  40  40
2887  40  30  50  50  45  20
2891  60  50  30  55  40  60
2896  60  50  50  35  55  80
2897  60  40  50  35  40  20
2898  40  40  50  35  60  60
2899  40  30  40  40  45  20
2900  60  40  50  50  55  80
2902  60  50  60  45  55  40
2903  40  50  40  75  60  40
2905  40  30  70  45  50  20
2906  60  40  30  50  50  60
2908  80  30  40  60  55  40
2909  60  60  30  40  45  20
2912  80  60  50  50  65  40
2913  60  30  40  40  50  40
2914  40  50  50  50  40  40
2917  40  40  40  45  45  20
2920  60  40  40  40  55  40
2924  60  40  30  60  55  60
2927  60  50  50  45  50  40
2929  80  40  40  50  45  60
2930  60  50  40  40  50  40
2932  60  30  50  55  60  40
2933  80  30  30  45  40  20
2934  40  50  30  45  60  40
2936  40  40  60  50  40  40
2937  40  60  30  55  50  40
2940  40  30  30  35  35  20
2943  60  30  40  45  55  40
2944  80  60  40  40  45  40
2945  60  50  30  40  50  40
2946  60  50  40  40  50  20
2951  80  40  50  45  45  20
2952  40  70  70  50  45  40
2954  40  50  60  55  50  20
2958  60  40  50  50  50  40
2960  40  30  30  35  35  20
2963  60  30  50  40  55  20
2964  40  50  30  50  60  20
2966  60  40  30  40  50  20
2967  60  50  30  45  40  40
2968  60  50  30  40  60  20
2969  60  40  40  50  40  60
2973  40  60  50  45  55  40
2974  40  60  40  35  40  20
2976  40  40  60  40  60  20
2979  80  50  50  50  45  20
2980  60  40  40  50  45  40
2982  60  50  40  50  55  60
2983  40  50  30  40  35  20
2984  60  40  40  50  50  40
2985  40  40  50  45  50  20
2986  40  50  40  50  60  20
2988  40  30  50  40  50  40
2989  40  70  60  45  45  20
2990  60  40  30  35  50  40
2991  40  40  60  60  40  20
2995  40  40  40  45  55  20
2996  40  40  40  40  40  20
2997  40  40  30  65  45  40
2998  40  40  40  35  50  20
2999  40  30  50  45  40  40
